

nstates ! NumberOfStates
10

nph
20

N
20

parameters   
64 1 1 1			! nwr, ndel, nlam, nwv
0.01, 0.035, 0.06, 0.085, 0.11, 0.135, 0.16, 0.185, 0.21, 0.235, 0.26, 0.285, 0.31, 0.335, 0.36,  0.385, 0.41, 0.435, 0.46, 0.485, 0.51, 0.535, 0.56, 0.585, 0.61, 0.635, 0.66, 0.685, 0.71, 0.735,  0.76, 0.785, 0.81, 0.835, 0.86, 0.885, 0.91, 0.935, 0.96, 0.985, 1.01, 1.035, 1.06, 1.085, 1.11, 1.135, 1.16, 1.185, 1.21, 1.235, 1.26, 1.285, 1.31, 1.335, 1.36, 1.385, 1.41, 1.435, 1.46, 1.485, 1.51, 1.535, 1.56, 1.585 !wrs
0.0 						! dels
0.0						! lams
100.5 						! wv for omega_triplet; wc = 2.0 default.



DirectSolverSize
200



